22	1
27	1
70	1
21	4
76	1
57	16
53	1
112	1
24	6
17	8
47	1
18	10
14	7
16	8
13	8
55	23
26	5
20	2
41	4
12	12
2	84
61	1
15	13
3	57
62	4
6	25
65	1
58	250
134	1
7	19
66	1
59	45
5	35
4	72
8	23
9	16
38	2
11	9
10	19
50	1
30	3
44	5
32	5
99	1
36	2
54	3
56	3
39	2
35	7
31	3
19	3
60	10
37	5
23	2
29	6
43	1
46	2
45	2
51	2
34	5
25	4
48	1
28	3
33	2
--------------------------------------------------------------------------------
WOLB.0323.00096.1	57.1918
WOLB.0323.00014.1	52.3386
WOLB.0323.00149.1	62.17
WOLB.0323.00119.1	60.938
WOLB.0323.00042.1	51.8357
WOLB.0323.00006.1	65.8773
WOLB.0323.00070.1	51.7684
WOLB.0323.00100.1	57.5482
WOLB.0323.00001.1	54.9022
WOLB.0323.00007.1	57.0314
WOLB.0323.00104.1	63.7427
WOLB.0323.00017.1	62.5789
WOLB.0323.00158.1	62.1112
WOLB.0323.00128.1	56.8121
WOLB.0323.00068.1	59.1591
WOLB.0323.00010.1	55.7294
WOLB.0323.00025.1	69.6197
WOLB.0323.00018.1	60.7169
WOLB.0323.00012.1	64.0887
WOLB.0323.00032.1	56.3114
WOLB.0323.00035.1	64.494
WOLB.0323.00011.1	63.3383
WOLB.0323.00004.1	61.4119
WOLB.0323.00118.1	63.2516
WOLB.0323.00122.1	58.326
WOLB.0323.00020.1	63.5443
WOLB.0323.00043.1	52.6247
WOLB.0323.00021.1	53.1617
WOLB.0323.00060.1	54.2062
WOLB.0323.00074.1	57.0656
WOLB.0323.00019.1	61.006
WOLB.0323.00107.1	54.9592
WOLB.0323.00135.1	63.1841
WOLB.0323.00121.1	58.514
WOLB.0323.00106.1	67.421
WOLB.0323.00143.1	67.421
WOLB.0323.00138.1	55.9659
WOLB.0323.00103.1	54.9088
WOLB.0323.00132.1	59.3021
WOLB.0323.00002.1	56.4589
WOLB.0323.00090.1	65.9598
WOLB.0323.00120.1	57.3803
WOLB.0323.00039.1	62.9908
WOLB.0323.00041.1	55.261
WOLB.0323.00023.1	52.0138
WOLB.0323.00153.1	63.3447
WOLB.0323.00093.1	55.5524
WOLB.0323.00031.1	67.4364
WOLB.0323.00142.1	61.2828
WOLB.0323.00056.1	55.5232
WOLB.0323.00008.1	56.7085
WOLB.0323.00088.1	64.6546
WOLB.0323.00024.1	44.8866
WOLB.0323.00084.1	58.9197
WOLB.0323.00064.1	55.7724
WOLB.0323.00030.1	50.8096
WOLB.0323.00133.1	66.3109
WOLB.0323.00105.1	54.9022
